district,division,Established,area_km2,population,rural_pop,working_age_pop,poverty_rate,extreme_poverty_rate,employment_agriculture,employment_industry,employment_services,electricity_access,flush_toilet_access,tap_water_access,literacy_rate,edu_primary,edu_secondary,edu_university,school_attendance,underweight_children,stunted_children,working_age_pct,population_density,development_score,health_index,lat,lon
Bagerhat,Khulna,1984,3959,1649874,86.93156433105469,905260,42.79999923706055,24.0,56.317813873291016,5.237637996673584,38.44455337524414,40.66610336303711,35.20745086669922,6.327970504760742,58.34305953979492,41.40628433227539,12.757680892944336,3.016552209854126,75.75091552734375,31.38999938964844,38.45000076293945,61.38438034057617,417.0,57.17677993774414,64.37399978637694,22.6554516,89.7661527
Bandarban,Chattogram,1981,4496,495252,75.15910339355469,225400,40.09999847412109,21.600000381469727,71.27163696289062,5.899172306060791,22.829195022583008,28.739076614379883,8.664170265197754,10.91136074066162,32.820858001708984,20.922460556030277,7.620321273803711,1.4801374673843384,57.29976272583008,39.58000183105469,47.709999084472656,57.520545959472656,110.0,42.11202230453492,55.54199981689453,22.1935628,92.2187476
Barguna,Barisal,1984,1831,1035596,88.52592468261719,534220,19.0,9.800000190734863,64.17445373535156,7.232466220855713,28.59307861328125,28.953950881958008,25.72037506103516,1.8623182773590088,57.23427963256836,42.93661880493164,11.134140968322754,2.349005460739136,77.32643127441406,32.310001373291016,38.5,60.00179672241211,566.0,58.935771846771246,63.975999450683595,22.1605051,90.1200636
Bhola,Barisal,1984,3403,1980452,86.33988189697266,972220,33.19999694824219,20.399999618530277,67.3992691040039,6.658817291259766,25.941913604736328,26.41377830505371,9.37868881225586,0.273634523153305,41.78813171386719,28.55363273620605,8.826460838317871,2.0555624961853027,64.74989318847656,38.09999847412109,42.93999862670898,54.67869567871094,582.0,47.53926992416382,58.996001434326175,22.6854694,90.6439027
Brahmanbaria,Chattogram,1984,1881,3403786,84.15238952636719,1500100,30.000001907348636,15.000000953674316,53.010772705078125,9.801846504211426,37.1873779296875,71.61360168457031,21.45772933959961,2.2229645252227783,44.02154159545898,32.055152893066406,9.395591735839844,1.708904504776001,66.42510223388672,38.83000183105469,42.41999816894531,52.66724395751953,1810.0,60.59596004486084,59.01600036621094,23.9675393,91.1119148
Chandpur,Chattogram,1984,1645,2713247,82.07479858398438,1369980,51.0,30.30000114440918,51.361854553222656,11.34572410583496,37.292423248291016,55.49327087402344,13.426237106323242,6.012395858764648,56.056861877441406,40.09535217285156,12.926861763000488,2.26245665550232,73.71477508544922,37.880001068115234,40.09999847412109,56.91886138916016,1649.0,58.03617439270019,60.788000488281256,23.2320991,90.663075
Chuadanga,Khulna,1984,1174,1262205,73.00629425048828,728460,27.700000762939453,10.800000190734863,66.032958984375,6.147702217102051,27.819337844848636,60.66176223754883,19.45645904541016,3.070934295654297,43.92841339111328,34.28579330444336,8.909749984741211,1.8417874574661253,70.7280044555664,34.150001525878906,41.13999938964844,64.42900085449219,1075.0,59.14598598480225,61.655999755859376,23.6417895,88.8577016
Dhaka,Dhaka,1772,1464,15210851,22.850830078125,8514660,15.700000762939451,4.900000095367432,4.196304321289063,29.57707405090332,66.22662353515625,97.03721618652344,51.93270492553711,67.09703063964844,72.99209594726562,34.82053756713867,23.31698036193848,13.066180229187012,62.83236312866211,22.780000686645508,34.15999984741211,70.39608001708984,10390.0,79.23301010131836,70.39199981689453,23.810332,90.4125181
Dinajpur,Rangpur,1786,3444,3392251,85.08218383789062,1877160,37.900001525878906,21.299999237060547,63.80259323120117,5.578526020050049,30.618879318237305,39.66413497924805,32.50531005859375,1.4949145317077637,49.77848434448242,33.07131576538086,13.08120822906494,3.4442343711853027,75.32593536376953,32.9900016784668,40.81999969482422,62.859474182128906,985.0,54.823690032958986,62.31199951171875,25.6221009,88.6437649
Faridpur,Dhaka,1815,2053,2232772,85.8967056274414,1125900,36.29999923706055,19.799999237060547,58.47946548461914,10.10229206085205,31.418243408203125,49.08641052246094,32.92729187011719,2.9786829948425293,46.963905334472656,32.82731628417969,10.019461631774902,2.6273884773254395,71.85523986816406,34.560001373291016,40.209999084472656,58.86258316040039,1088.0,55.820017623901364,62.05,23.6018691,89.8333382
Feni,Chattogram,1984,990,1697379,79.820068359375,853820,25.899999618530277,14.59999942779541,30.506929397583008,12.296377182006836,57.19669342041016,73.35206604003906,8.493624687194824,5.511130332946777,61.1696662902832,41.08171463012695,17.009632110595703,3.145240306854248,73.3143539428711,34.099998474121094,41.34999847412109,59.22724533081055,1715.0,69.23027057647705,61.55000152587891,22.9408784,91.4066646
Gaibandha,Rangpur,1984,2115,2621756,91.1932373046875,1431400,48.0,30.30000114440918,70.6377182006836,5.1680989265441895,24.194181442260746,29.374488830566406,10.736566543579102,1.094234824180603,38.31227493286133,23.882795333862305,10.676507949829102,2.518660545349121,70.77725982666016,37.29999923706055,43.06999969482422,60.0827751159668,1240.0,45.308370399475095,59.238000488281244,25.328978,89.5415074
Gazipur,Dhaka,1984,1806,5433538,69.5215072631836,2335380,19.400001525878903,8.199999809265137,16.037309646606445,53.18291091918945,30.77978134155273,84.16620635986328,29.90586471557617,37.41015625,63.77596282958984,43.30859375,17.500946044921875,3.76328444480896,64.7213134765625,26.989999771118164,38.5,68.5207748413086,3009.0,72.42740097045898,66.10400009155273,23.9999405,90.4202724
Gopalganj,Dhaka,1984,1469,1336907,89.19815063476562,671160,42.69999694824219,26.80000114440918,65.3936996459961,5.721784591674805,28.8845157623291,48.7916145324707,43.926055908203125,5.985915660858154,57.07295608520508,40.01482772827149,11.020166397094728,2.591933488845825,73.52349853515625,32.09000015258789,37.02000045776367,57.28282928466797,910.0,58.33813858032227,64.95199966430664,23.01449731,89.83692162
Habiganj,Sylhet,1984,2637,2440151,88.03563690185547,1164180,25.299999237060547,20.100000381469727,64.47581481933594,7.444087982177734,28.080093383789062,47.62074279785156,11.494662284851074,2.186070203781128,39.21828842163086,30.16468811035156,6.854817390441895,1.3412737846374512,60.943389892578125,39.38999938964844,44.29999923706055,55.16604232788086,925.0,52.76026477813721,57.6640007019043,24.3840055,91.4168974
Jamalpur,Mymensingh,1978,2115,2583984,83.20762634277344,1338520,51.09999847412109,34.20000076293945,69.51061248779297,6.175065994262695,24.314321517944336,39.28431701660156,14.814157485961914,0.752600371837616,33.23378372192383,21.258440017700195,9.13009548187256,2.2611920833587646,72.02642059326172,39.0099983215332,43.380001068115234,58.39200592041016,1222.0,45.63818798065186,58.36800003051758,24.9249785,89.9463408
Jhenaidah,Khulna,1984,1965,2051607,84.29617309570312,1121320,24.69999885559082,10.0,66.6329116821289,7.371145248413086,25.995948791503903,58.3388557434082,24.022159576416016,2.462354183197021,45.41255187988281,33.133338928222656,10.084598541259766,2.5255744457244877,75.65316009521484,33.150001525878906,39.86000061035156,63.40371322631836,1044.0,60.669739341735834,62.8239990234375,23.5528198,89.1753614
Khagrachhari,Chattogram,1983,2749,735116,65.03349304199219,351740,25.5,10.100000381469728,66.88247680664062,2.853066921234131,30.26445770263672,33.099117279052734,9.224099159240724,0.7325459718704224,43.72857666015625,29.5416259765625,9.318537712097168,1.8706791400909424,70.83551025390625,37.59000015258789,44.65999984741211,57.37261199951172,267.0,52.646883201599124,58.168000030517575,23.1117407,91.9888247
Khulna,Khulna,1882,4394,2673002,66.76072692871094,1497100,38.80000305175781,21.19999885559082,39.90579605102539,14.556095123291016,45.5381088256836,64.27787780761719,41.66788482666016,2.028212308883667,59.673927307128906,36.73526763916016,16.80074691772461,5.365495204925537,75.62887573242188,29.07999992370605,38.22999954223633,64.77027130126953,608.0,64.32111854553222,65.43000030517578,22.845641,89.5403279
Kishoreganj,Dhaka,1984,2689,3373219,83.48196411132812,1578100,30.30000114440918,16.399999618530273,60.28662490844727,9.100370407104492,30.613008499145508,49.84217071533203,13.050410270690918,1.1861109733581543,38.590816497802734,28.14215087890625,8.053024291992188,1.753612995147705,68.37450408935547,37.68000030517578,44.310001373291016,54.27687072753906,1254.0,53.58222904205323,58.34199905395508,24.4331227,90.7865655
Kurigram,Rangpur,1984,2245,2383268,84.16989135742188,1218980,63.70000076293945,44.29999923706055,72.17768096923828,4.158092498779297,23.664230346679688,21.01161193847656,18.12241744995117,0.6652233600616455,38.00993347167969,24.818601608276367,9.389209747314451,2.275146007537842,72.81725311279297,38.65999984741211,42.33000183105469,58.88848876953125,1062.0,40.37983016967774,59.13799896240234,25.810346,89.6486979
Kushtia,Khulna,1947,1609,2198731,88.02490997314453,1234980,3.5999999046325684,0.800000011920929,57.191532135009766,10.300883293151855,32.5075798034668,64.33689880371094,25.736433029174805,1.512675404548645,42.46381759643555,28.62994766235352,11.467720985412598,2.91070294380188,72.92858123779297,33.66999816894531,41.720001220703125,63.66926574707031,1367.0,64.81227712631225,61.5,23.9087767,89.1219822
Lakshmipur,Chattogram,1984,1440,1994930,85.04579162597656,958080,31.200000762939453,18.099998474121094,54.3740348815918,8.902626991271973,36.72333908081055,44.21940231323242,16.898401260375977,3.492445945739746,49.53171920776367,34.80315399169922,10.37631893157959,1.9578760862350464,66.15819549560547,39.68000030517578,42.40999984741211,55.48361587524414,1385.0,55.382591247558594,58.68199996948242,22.9454033,90.8341624
Lalmonirhat,Rangpur,1984,1247,1461589,89.59285736083984,740720,34.5,16.69999885559082,72.89631652832031,4.7846360206604,22.31904983520508,20.221702575683597,29.4064998626709,0.6954007148742676,41.96917724609375,28.96278190612793,9.284500122070312,2.2995331287384038,74.57608795166016,36.52000045776367,41.709999084472656,59.07611846923828,1172.0,47.75985527038574,60.36600036621094,25.916198,89.4505802
Madaripur,Dhaka,1984,1126,1334811,86.56623840332031,670900,34.900001525878906,17.399999618530273,59.34806060791016,10.647536277770996,30.0044059753418,58.99754333496094,12.681418418884276,1.0072170495986938,45.05716323852539,32.64439392089844,9.214550971984863,2.120267152786255,70.9518814086914,34.75,41.02999877929688,57.5603141784668,1185.0,57.729768943786624,61.482000732421874,23.1648826,90.1939932
Magura,Khulna,1984,1039,1056683,86.97466278076172,554920,45.400001525878906,25.899999618530277,65.98212432861328,5.902178764343262,28.115692138671875,41.43523025512695,42.823848724365234,1.310934066772461,47.8520622253418,33.25746536254883,11.205547332763672,2.5711238384246826,78.42945098876953,33.529998779296875,38.86000061035156,60.29380035400391,1017.0,53.71291923522949,63.27200012207031,23.4854655,89.4198305
Manikganj,Dhaka,1984,1384,1608372,90.74130249023438,866140,18.5,8.0,60.31525039672852,9.77695369720459,29.907793045043945,52.78615951538086,19.536975860595703,3.3988053798675537,45.98894119262695,31.827863693237305,9.955130577087402,2.100707054138184,75.00955200195312,35.040000915527344,40.810001373291016,61.99467086791992,1162.0,60.59457969665527,61.49799880981445,23.8644225,90.004663
Meherpur,Khulna,1984,752,721447,87.33831024169922,427880,15.199999809265137,5.099999904632568,71.7480697631836,2.1161367893218994,26.13579368591309,60.846561431884766,20.274169921875,3.0303030014038086,42.029727935791016,29.944265365600582,8.221086502075195,2.0343706607818604,72.73704528808594,33.790000915527344,40.25,65.73263549804688,959.0,61.429454231262206,62.33399963378906,23.7721263,88.631372
Munshiganj,Dhaka,1984,1004,1677941,87.1893081665039,888340,28.700000762939453,15.600000381469728,41.10013961791992,18.267257690429688,40.63260269165039,89.60392761230469,23.34970474243164,3.0677976608276367,54.10731887817383,38.41059494018555,10.847772598266602,1.7690284252166748,70.97290802001953,30.420000076293945,39.810001373291016,61.67400360107422,1671.0,69.79312496185302,63.94599914550781,23.5421898,90.5305087
Mymensingh,Mymensingh,1787,4395,6097814,84.4579086303711,2871960,50.5,32.30000305175781,58.57743453979492,11.249049186706545,30.17351531982422,41.113746643066406,12.79578971862793,2.864858388900757,40.66816711425781,29.071348190307617,10.21681785583496,2.6014060974121094,69.20989227294922,37.060001373291016,44.040000915527344,56.1129150390625,1387.0,48.254273605346675,58.75199890136719,24.7471492,90.4202734
Naogaon,Rajshahi,1984,3436,2844921,89.58641052246094,1699400,16.899999618530273,7.0,73.65925598144531,4.725006103515625,21.615741729736328,39.49190521240234,18.00908851623535,3.2022933959960938,45.76576232910156,33.86689758300781,10.118241310119627,2.292377471923828,71.5373306274414,33.5,40.59999847412109,65.5592269897461,828.0,56.81845932006836,62.24000091552735,24.7936071,88.9318082
Narail,Khulna,1984,968,806662,84.69810485839844,428360,20.0,7.699999809265137,65.7101058959961,6.323698043823242,27.96619033813477,45.92966079711914,29.99262237548828,1.1682243347167969,57.18511962890625,36.78761291503906,11.26877784729004,2.509822130203247,76.52305603027344,31.69000244140625,36.7400016784668,59.28857803344727,833.0,62.80181827545166,65.27999801635742,23.1656982,89.4990219
Narayanganj,Dhaka,1984,684,4035461,66.39524841308594,1930540,26.100000381469727,10.40000057220459,9.583348274230955,42.10045623779297,48.31619644165039,95.3175811767578,24.11353874206543,18.081453323364254,58.65183639526367,39.06489181518555,14.765737533569336,3.51662826538086,62.21665191650391,27.790000915527344,41.34999847412109,65.1382064819336,5900.0,71.58086833953857,64.07400054931641,23.6237764,90.5000404
Narsingdi,Dhaka,1984,1150,2667968,79.92770385742188,1292180,23.700000762939453,12.100000381469728,35.68254852294922,23.00132942199707,41.31612014770508,73.16368865966797,19.959821701049805,3.2059597969055176,48.67442321777344,34.58955764770508,11.343862533569336,2.373746871948242,68.95240783691406,33.75,43.41999816894531,58.009803771972656,2320.0,64.37745170593263,60.448001098632815,23.9192671,90.7176492
Natore,Rajshahi,1984,1900,1900213,86.7668685913086,1094060,35.10000228881836,21.299999237060547,70.57142639160156,4.943248748779297,24.485322952270508,49.44795608520508,26.80475616455078,2.118524074554444,46.14070129394531,32.02690505981445,10.718050956726074,2.8376660346984863,74.5394515991211,33.310001373291016,38.5099983215332,64.19560241699219,1000.0,56.39912433624268,63.57000045776367,24.4079394,88.9748932
Nilphamari,Rangpur,1984,1547,2141180,84.42453002929688,1082800,34.79999923706055,18.799999237060547,68.85020446777344,6.680696487426758,24.46910285949707,34.82469177246094,15.040090560913086,0.759121298789978,39.70008087158203,26.10027503967285,10.128912925720217,2.508738279342652,71.61893463134766,36.75,43.36000061035156,59.13385009765625,1384.0,49.96498832702637,59.283999633789065,25.9362732,88.8407037
Noakhali,Chattogram,1821,3686,3732042,84.15115356445312,1697700,9.600000381469728,3.400000095367432,45.74529647827149,8.55220890045166,45.70249176025391,51.24595642089844,20.127290725708008,2.8623383045196533,53.59037399291992,38.22217178344727,12.039448738098145,2.159288167953491,67.87106323242188,39.130001068115234,43.540000915527344,54.591583251953125,1012.0,63.22233257293701,58.2239990234375,22.8246384,91.1017334
Pabna,Rajshahi,1832,2376,2972654,84.7603759765625,1547200,31.5,16.69999885559082,56.996917724609375,13.101995468139648,29.901086807250977,59.97833633422852,26.72060775756836,2.129388332366944,43.685508728027344,29.089017868041992,11.346835136413574,2.840238332748413,71.47901916503906,34.59000015258789,41.790000915527344,61.36711883544922,1251.0,58.28031597137452,61.08999938964844,24.0128563,89.2590572
Panchagarh,Rangpur,1984,1405,1207252,90.52114868164062,597900,26.69999885559082,12.300000190734863,65.26199340820312,7.464651584625244,27.273357391357425,27.22421646118164,37.60825729370117,1.3734581470489502,46.839542388916016,33.168636322021484,10.317919731140137,2.6578524112701416,75.1667709350586,33.84000015258789,40.63999938964844,60.43300628662109,859.0,52.89324836730957,62.08000030517578,26.335376,88.551698
Patuakhali,Barisal,1969,3221,1770096,87.0789566040039,889180,25.799999237060547,14.699999809265137,61.600830078125,8.485652923583984,29.91352081298828,31.89451026916504,23.98291778564453,0.8598303198814392,52.92794799804688,37.7833137512207,11.727224349975586,2.3745481967926025,73.31830596923828,34.33000183105469,40.45000076293945,58.11406326293945,550.0,56.00207071304322,61.997998809814455,22.3586174,90.3317203
Pirojpur,Barisal,1984,1278,1227915,83.88247680664062,658880,44.10000228881836,30.89999771118164,51.15770721435547,10.074448585510254,38.767845153808594,42.60835647583008,30.64427947998047,4.537290096282959,65.41058349609375,45.93837738037109,14.427244186401367,3.039952754974365,76.9012680053711,29.670000076293945,38.150001525878906,59.64010238647461,961.0,60.106046485900876,65.24199905395508,22.5841051,89.9720133
Rajbari,Dhaka,1984,1092,1228267,86.9139633178711,635120,41.900001525878906,25.700000762939453,61.211673736572266,7.62808084487915,31.16024398803711,46.27981185913086,39.6036262512207,0.8649647235870361,46.52402877807617,30.95503807067871,9.97519302368164,2.4062016010284424,75.99089813232422,33.779998779296875,39.970001220703125,60.5198974609375,1125.0,54.67154235839844,62.50599975585938,23.7638997,89.646737
Rajshahi,Rajshahi,1772,2425,2978156,67.77714538574219,1699720,31.400001525878903,16.5,63.02206039428711,6.283079147338867,30.694860458374023,62.02815246582031,24.611791610717773,8.155535697937012,50.08056640625,33.020206451416016,13.458026885986328,5.076451301574707,76.2659912109375,31.38999938964844,38.2400016784668,65.89543151855469,1228.0,62.0084342956543,64.49999923706054,24.3745146,88.604166
Rangamati,Chattogram,1983,6116,666627,73.82481384277344,366320,20.299999237060547,6.800000190734863,66.12586212158203,6.830628871917725,27.043506622314453,42.490272521972656,10.038910865783691,7.65758752822876,46.63763046264648,28.99535369873047,11.527294158935549,2.468060255050659,68.46075439453125,32.810001373291016,42.790000915527344,60.77579116821289,109.0,56.57788982391357,61.20199890136719,22.6533198,92.1788581
Rangpur,Rangpur,1772,2401,3243247,85.00806427001953,1763000,46.20000076293945,30.100000381469727,63.04735565185547,7.1855010986328125,29.76714324951172,38.13834762573242,17.439117431640625,1.957735061645508,44.7144660949707,27.418607711791992,12.334985733032228,3.556062698364258,71.79036712646484,34.7400016784668,41.97999954223633,61.68864822387695,1351.0,50.302723312377935,60.91599960327149,25.7438916,89.275227
Satkhira,Khulna,1984,3817,2246691,90.1441879272461,1281300,46.29999923706055,29.69999885559082,66.66438293457031,5.6958770751953125,27.63973999023437,42.15231323242188,20.70580291748047,6.027840614318848,49.48217391967773,35.07502365112305,10.930529594421388,2.7014379501342773,75.72543334960938,33.0,39.81999969482422,64.06436157226562,589.0,53.74192600250244,62.90800018310547,22.7184852,89.0704766
Shariatpur,Dhaka,1984,1174,1336396,88.61537170410156,640720,52.60000228881836,34.400001525878906,61.321250915527344,9.30432415008545,29.374420166015625,43.57960891723633,28.70624351501465,0.6936602592468262,44.4622802734375,32.28485107421875,7.297196865081787,1.4847512245178225,69.54605865478516,36.33000183105469,41.040000915527344,55.3719596862793,1138.0,49.84591159820557,60.843998718261716,23.2197029,90.3501258
Sherpur,Mymensingh,1984,1365,1552469,86.21588134765625,779140,48.400001525878906,29.80000114440918,69.55502319335938,7.124966621398926,23.320011138916016,41.76673889160156,11.569328308105469,0.6033623814582825,32.77317428588867,22.96068000793457,8.344284057617188,1.814414143562317,69.47468566894531,38.02000045776367,43.150001525878906,57.25602340698242,1137.0,46.12723255157471,58.90199890136719,25.0194045,90.0137328
Sirajganj,Rajshahi,1984,2402,3430443,85.85150909423828,1848360,38.70000076293945,22.700000762939453,51.36174392700195,23.71078491210937,24.927471160888672,47.31306076049805,18.110610961914062,1.3539597988128662,38.88491821289063,27.20375061035156,9.685240745544434,2.1972548961639404,68.60852813720703,36.70000076293945,45.06999969482422,59.325592041015625,1428.0,51.41969203948975,58.27799987792969,24.4526459,89.6816208
Sunamganj,Sylhet,1984,3747,2788358,89.71981048583984,1314280,26.0,20.600000381469727,72.97728729248047,4.940241813659668,22.08247375488281,33.89645767211914,7.679382801055908,1.0581289529800415,33.48976135253906,25.01631736755371,5.235105514526367,1.0706405639648438,58.845680236816406,40.86000061035156,46.060001373291016,52.88512802124024,744.0,46.764666938781744,56.019998931884764,25.0666548,91.4072392
Sylhet,Sylhet,1782,3452,3990003,78.30461883544922,1935660,24.100000381469727,19.5,38.090938568115234,15.9215087890625,45.987552642822266,63.01043701171875,23.135255813598636,12.36788272857666,50.37749481201172,34.58551406860352,11.72067642211914,3.152987480163574,65.3732681274414,36.86000061035156,43.970001220703125,56.62407302856445,1156.0,61.63938598632813,58.8739990234375,24.8949294,91.8687063
Tangail,Dhaka,1969,3414,4168083,85.15628814697266,2222640,29.69999885559082,18.0,55.66840362548828,11.631519317626951,32.70008087158203,56.10345077514648,20.30574607849121,2.4068963527679443,43.25163269042969,29.1322078704834,11.01479721069336,2.611956834793091,73.48104858398438,35.18000030517578,41.97999954223633,61.57101821899414,1221.0,57.92014408111572,60.74000015258789,24.2513451,89.9167104
Thakurgaon,Rangpur,1984,1782,1569529,88.44416046142578,846340,27.000001907348636,13.799999237060549,69.7893295288086,3.625678539276123,26.58498954772949,34.72975540161133,12.118945121765137,0.4114456474781036,44.496681213378906,30.427169799804688,11.335235595703123,3.233156681060791,74.42665100097656,34.4900016784668,42.59000015258789,60.88251495361328,881.0,53.74160709381104,60.64999923706055,26.0273645,88.4646107
